110153.0
136717.0
144882.33333333334
145509.0
146385.2
147123.16666666666
147171.2857142857
147255.375
147418.88888888888
147490.4
147303.63636363635
147470.83333333334
147491.38461538462
147470.5
147411.33333333334
147374.8125
147445.11764705883
147532.05555555556
147472.36842105264
147347.3
147450.09523809524
147425.13636363635
147393.4347826087
147445.66666666666
147747.68
147766.5
147763.22222222222
147701.17857142858
147717.1379310345
147730.9
147722.90322580645
147800.21875
147823.72727272726
147768.4705882353
147828.0
147849.16666666666
147829.8918918919
147854.7894736842
147856.79487179487
147852.55
147856.53658536586
147912.85714285713
147884.3023255814
147896.13636363635
147966.0888888889
147996.80434782608
147998.1489361702
148061.0
148019.26530612246
148016.02
148179.9019607843
148201.63461538462
148182.43396226416
148151.77777777778
148108.4
148098.76785714287
148130.45614035087
148148.12068965516
148163.0338983051
148230.53333333333
148223.73770491802
148245.29032258064
148200.3015873016
148212.609375
148204.83076923076
148228.81818181818
148220.49253731343
148241.32352941178
148225.28985507245
148245.0
148230.98591549296
148236.70833333334
148265.19178082192
148256.63513513515
148617.22666666665
148606.13157894736
148641.16883116882
148696.62820512822
148645.83544303797
148646.0375
148664.38271604938
148687.69512195123
148728.19277108434
148901.4880952381
148945.71764705883
148923.67441860464
148915.44827586206
148921.47727272726
148953.98876404495
149030.8
149006.37362637362
149022.76086956522
149004.91397849462
149035.8404255319
149062.35789473684
149062.92708333334
149053.38144329897
149076.94897959183
149141.27272727274
149159.1
149263.801980198
149256.58823529413
149262.74757281554
149265.9326923077
149250.05714285714
149238.62264150943
149233.41121495326
149217.39814814815
149207.12844036697
149200.53636363638
149217.72972972973
149208.14285714287
149198.37168141594
149193.74561403508
149176.92173913043
149168.75
149185.73504273503
149169.66101694916
149188.6218487395
149172.38333333333
149159.54545454544
149153.2786885246
149134.46341463414
149155.82258064515
149138.704
149140.88888888888
149151.53543307088
149140.4375
149144.48837209304
149159.47692307693
149139.69465648854
149125.82575757575
149140.46616541353
149150.61194029852
149141.02962962963
149128.83088235295
149114.81751824816
149128.35507246378
149122.1582733813
149103.60714285713
149092.51063829788
149079.57746478874
149057.2867132867
149044.17361111112
149040.06896551725
149066.2876712329
149062.08163265305
149068.62837837837
149060.0201342282
149057.66
149046.59602649006
149058.2105263158
149049.83660130718
149035.43506493507
149075.27096774193
149069.87820512822
149074.64331210192
149081.2911392405
149078.22012578617
149063.4375
149051.57763975154
149044.75925925927
149054.08588957056
149055.81707317074
149036.0909090909
149046.51807228915
149046.2275449102
149047.05357142858
149056.90532544377
149049.71764705883
149070.74853801169
149066.89534883722
149073.79190751445
149063.49425287356
149050.08
149034.4034090909
149034.75141242938
149039.17415730338
149034.0782122905
149032.1222222222
149024.4640883978
149012.87362637362
149036.9344262295
149017.08695652173
149002.3135135135
149006.51075268816
149021.7486631016
149012.5585106383
149005.16402116403
148999.46315789473
149013.50785340313
149013.53645833334
149006.67875647667
148998.71134020618
149006.13846153847
149004.47448979592
149005.03045685278
148998.65656565657
148994.70351758794
148993.395
148983.91542288556
148962.63366336634
148940.8275862069
148929.0294117647
148930.8731707317
148924.5291262136
148929.10628019323
148919.95673076922
148917.22009569377
148917.69523809524
148915.8009478673
148913.78773584907
148910.4131455399
148901.59813084113
148898.3534883721
148912.63888888888
148907.78801843317
148902.71559633026
148898.7214611872
148893.86363636365
148879.66968325793
148879.53153153154
148870.01793721973
148907.3169642857
148917.69777777776
148909.20796460178
148911.75330396477
148918.7894736842
148912.15283842795
148908.53913043477
148906.6103896104
148904.97844827586
148908.1244635193
148901.55555555556
148933.48510638298
148933.13983050847
148938.24894514767
148938.7605042017
148933.19665271966
148923.5875
148916.48962655602
148931.21900826445
148924.41152263375
148912.74180327868
148913.6530612245
148919.90650406503
148922.64777327934
148918.97983870967
148913.63052208835
148901.58
148901.92828685258
148892.55555555556
148885.84980237155
148893.3464566929
148893.41176470587
148889.09375
148886.92217898832
148882.48062015505
148888.4671814672
148899.13461538462
148897.48659003832
148891.58778625954
148903.5969581749
148897.97348484848
148892.7320754717
148891.06015037594
148879.6479400749
148881.01492537314
148878.96654275092
148874.90740740742
148874.8487084871
148872.80147058822
148883.3663003663
148879.11313868614
148865.19636363635
148857.1920289855
148856.97833935017
148853.4928057554
148851.52688172043
148851.52142857143
148841.0
148838.13120567377
148837.1448763251
148831.9084507042
148827.34385964912
148825.73426573427
148820.44599303135
148822.75
148828.10034602077
148820.39655172414
148822.04810996563
148813.48630136985
148819.86689419794
148818.6768707483
148826.13559322033
148833.34797297296
148831.36026936027
148825.49664429532
148812.9464882943
148820.33333333334
148822.6611295681
148828.77152317882
148836.15841584158
148835.65460526315
148850.08852459016
148842.53267973856
148836.2671009772
148838.05194805196
148837.16504854368
148834.40967741935
148829.38263665594
148823.8173076923
148821.4376996805
148817.57006369426
148819.65396825396
148824.27848101265
148821.45110410094
148828.06918238994
148823.48902821317
148830.478125
148844.02492211838
148851.12732919256
148859.50773993807
148850.1265432099
148852.03076923077
148852.45705521473
148849.85626911314
148864.44512195123
148858.03343465045
148867.60303030303
148858.49546827795
148856.68373493975
148852.8978978979
148856.73952095807
148851.71641791044
148849.70535714287
148852.90801186944
148849.3520710059
148843.9616519174
148835.91470588234
148830.36656891496
148822.19005847952
148825.9475218659
148830.4215116279
148821.55942028985
148820.6965317919
148816.59654178674
148811.90229885056
148821.92836676218
148823.85428571427
148819.07692307694
148818.59375
148814.78753541075
148815.93502824858
148814.87605633802
148808.69382022473
148822.79831932773
148820.33240223464
148814.00557103063
148817.01111111112
148822.59833795013
148815.25690607735
148811.48209366392
148807.7087912088
148808.01369863015
148812.55464480876
148811.13351498637
148806.65760869565
148804.8157181572
148807.47837837838
148807.35040431266
148814.20967741936
148813.30831099197
148822.63636363635
148820.08533333332
148817.31914893616
148819.29708222812
148821.3677248677
148815.34564643799
148815.4605263158
148813.77952755906
148815.58115183245
148809.2872062663
148811.6015625
148809.97662337663
148807.31865284973
148802.5503875969
148808.70103092783
148800.76092544987
148803.4128205128
148801.18414322252
148794.7857142857
148796.7582697201
148796.2233502538
148795.04556962024
148787.5606060606
148782.40302267
148803.5904522613
148797.32581453634
148797.27
148792.23441396508
148789.12437810947
148787.7617866005
148786.8811881188
148796.47160493827
148795.38916256157
148811.9877149877
148814.01470588235
148817.0097799511
148821.67073170733
148821.71289537713
148816.5703883495
148819.21549636804
148813.72222222222
148810.82409638554
148802.64182692306
148800.6834532374
148799.51674641148
148796.75894988066
148791.1738095238
148789.69121140143
148790.9383886256
148789.10165484634
148785.054245283
148792.72235294117
148799.30985915492
148801.3044496487
148799.3598130841
148807.61072261073
148807.86279069766
148819.63341067286
148821.0
148825.64434180138
148828.2073732719
148834.24597701148
148838.00688073394
148844.4805491991
148842.00456621006
148834.62870159454
148835.38863636364
148833.86394557822
148831.20588235295
148832.31151241536
148835.89414414414
148833.23370786518
148831.9529147982
148846.44071588365
148845.7232142857
148843.99109131403
148848.61333333334
148846.9977827051
148851.20575221238
148851.68874172185
148851.37004405286
148855.2065934066
148858.90131578947
148859.40700218818
148858.87772925766
148858.7973856209
148860.37173913044
148855.39045553145
148856.40476190476
148854.97408207343
148853.94612068965
148854.98494623657
148850.6158798283
148850.31691648823
148856.0170940171
148853.15565031982
148854.0829787234
148852.0212314225
148844.89830508476
148850.72727272726
148853.63502109706
148856.5305263158
148860.95588235295
148860.18029350103
148864.52092050208
148867.28183716076
148868.3625
148874.19750519752
148876.85684647303
148872.04347826086
148870.25
148869.37525773197
148868.90329218106
148864.33059548255
148860.13319672132
148856.52965235175
148851.14897959185
148849.8533604888
148851.82926829267
148852.77687626774
148843.98987854252
148843.71717171717
148843.27822580645
148837.98993963783
148836.64457831325
148844.45490981964
148840.854
total_time = 74420427
