352865.0
274799.5
250706.66666666666
238275.75
229575.2
223542.0
218301.2857142857
214941.625
216103.22222222222
214479.2
211910.72727272726
210269.66666666666
208635.61538461538
207877.35714285713
206498.4
205373.5
204100.58823529413
203236.11111111112
202402.05263157896
202225.55
201626.47619047618
201103.9090909091
200394.08695652173
199919.66666666666
199686.8
199260.46153846153
199231.40740740742
199061.5357142857
198771.5172413793
198706.43333333332
198576.06451612903
198331.15625
198136.9090909091
197773.38235294117
197735.08571428573
197510.88888888888
197264.45945945947
197243.73684210525
197157.23076923078
196909.7
196687.43902439025
196629.80952380953
196397.44186046513
196410.45454545456
196394.55555555556
196406.52173913043
196293.95744680852
196130.95833333334
195975.44897959183
195825.22
195584.17647058822
195512.03846153847
195360.35849056602
195334.53703703705
195107.96363636362
194930.01785714287
194730.50877192983
194685.8275862069
194541.69491525425
194417.73333333334
194291.03278688525
194129.7741935484
193988.47619047618
193802.65625
193749.44615384616
193680.9393939394
193516.64179104476
193346.67647058822
193315.91304347827
193355.04285714286
193261.01408450704
193148.76388888888
193179.19178082192
193385.95945945947
193314.78666666665
193212.82894736843
193169.46753246753
193234.62820512822
193203.41772151898
193196.6875
193140.62962962964
193061.8780487805
193003.1325301205
193120.66666666666
193088.58823529413
193016.96511627908
193033.1264367816
193131.63636363635
193075.19101123596
192975.73333333334
192937.4065934066
192925.04347826086
193002.1935483871
193007.1914893617
192914.05263157896
192908.86458333334
192965.40206185568
192966.17346938775
192941.51515151514
192985.9
192929.0297029703
193081.98039215687
193125.71844660194
193084.45192307694
193007.30476190476
192956.18867924527
193104.42056074768
193151.9537037037
193200.35779816515
193217.12727272726
193154.68468468467
193132.3125
193131.1238938053
193122.93859649124
193082.79130434783
193159.4396551724
193103.20512820513
193097.77966101695
193048.97478991596
192997.5
193003.78512396695
193063.2786885246
193039.13821138212
192994.29032258064
193035.136
193074.35714285713
193072.0157480315
193043.6796875
193053.9457364341
193085.52307692307
193055.9465648855
193005.7196969697
192946.06015037594
192910.24626865672
192987.6074074074
192948.86764705883
192921.1094890511
192882.884057971
192824.25899280576
192831.77142857143
192825.12056737588
192779.64084507042
192754.37762237762
192722.86805555556
192736.6275862069
192696.6780821918
192700.86394557822
192687.02027027027
192635.3355704698
192688.56
192681.8940397351
192662.4144736842
192692.46405228757
192752.27922077922
192756.23870967742
192734.12820512822
192674.12101910828
192626.03164556963
192590.3144654088
192552.35
192577.46583850932
192536.04938271604
192545.57055214723
192520.93902439025
192544.75151515153
192573.2590361446
192586.8622754491
192538.30952380953
192495.28402366865
192481.9294117647
192538.70175438595
192507.42441860464
192478.87861271677
192430.1436781609
192396.86285714287
192428.07386363635
192428.02824858757
192391.76404494382
192396.16201117318
192385.94444444444
192365.04419889502
192346.72527472526
192343.74316939892
192311.8097826087
192279.88648648647
192281.6182795699
192298.17112299465
192274.8404255319
192247.96296296295
192213.42631578946
192186.4607329843
192277.8125
192264.37823834197
192259.15979381444
192218.55897435898
192192.47448979592
192234.21827411168
192218.38383838383
192210.61809045225
192217.725
192196.1194029851
192172.71287128713
192142.75369458128
192164.33823529413
192188.46829268293
192199.98058252427
192197.9806763285
192177.125
192190.53588516745
192169.64285714287
192179.48815165876
192177.6320754717
192168.9765258216
192154.30841121497
192167.42325581395
192169.50925925927
192156.6589861751
192113.59633027524
192143.70319634702
192158.17727272728
192129.50226244345
192104.72972972973
192124.95067264573
192156.8794642857
192153.16444444444
192140.64159292035
192108.24669603523
192100.19298245615
192088.38864628822
192192.57826086957
192272.84848484848
192349.4094827586
192327.17596566523
192328.47863247863
192299.1234042553
192273.42372881356
192273.72995780592
192254.08823529413
192213.36820083682
192197.25416666668
192218.09958506224
192200.88429752065
192164.01646090535
192221.77459016393
192241.49795918367
192234.76422764227
192216.31578947368
192197.5241935484
192191.12449799196
192197.848
192194.09561752988
192201.21031746033
192170.38339920947
192161.91732283463
192156.11764705883
192131.3671875
192125.8560311284
192126.01937984495
192126.40926640926
192124.38846153847
192190.6858237548
192281.3396946565
192342.1558935361
192353.55681818182
192333.0716981132
192298.8984962406
192283.96254681647
192279.92164179104
192281.65055762083
192279.9037037037
192284.70110701106
192252.79044117648
192243.01831501833
192223.20437956206
192222.3890909091
192248.61231884058
192264.38267148015
192258.88848920862
192249.40143369176
192232.16428571427
192243.1387900356
192215.56737588652
192212.9222614841
192231.36267605633
192207.95087719298
192227.62587412586
192217.0662020906
192212.63888888888
192213.4740484429
192195.35517241378
192203.62886597938
192232.59589041097
192314.7133105802
192333.231292517
192315.3627118644
192330.32432432432
192309.23569023568
192297.79194630872
192287.8060200669
192280.74
192301.13953488372
192323.07615894038
192307.80528052806
192286.31907894736
192260.19344262296
192276.80065359478
192286.996742671
192331.77597402598
192404.4077669903
192388.86774193548
192374.06109324758
192368.70833333334
192380.88178913738
192355.72611464967
192341.78095238094
192320.88607594935
192323.89905362777
192315.78301886792
192302.99686520375
192298.9875
192289.42679127725
192287.12422360247
192281.83591331268
192272.26543209876
192261.4923076923
192284.38650306748
192314.0397553517
192308.76524390245
192289.4103343465
192278.8
192280.93655589124
192274.15361445784
192286.05105105106
192263.43413173652
192240.63582089552
192234.95535714287
192237.27893175074
192243.26331360947
192241.27433628318
192236.85
192244.63636363635
192259.0643274854
192285.8862973761
192312.4011627907
192324.1043478261
192330.73121387284
192320.09798270895
192374.1724137931
192378.31805157594
192371.7542857143
192368.150997151
192368.24431818182
192342.3654390935
192358.73163841807
192347.6309859155
192356.78370786516
192345.96078431373
192343.82960893854
192367.0389972145
192405.85
192401.06925207755
192392.48066298343
192395.96694214875
192424.12362637362
192430.21643835618
192440.69672131148
192461.49046321525
192464.86956521738
192459.9376693767
192436.25945945946
192439.0727762803
192425.6801075269
192451.03753351208
192448.04812834226
192427.976
192401.1489361702
192383.3527851459
192383.42063492062
192391.60422163588
192389.35263157895
192365.8661417323
192339.45811518325
192317.56657963447
192335.30729166666
192324.1168831169
192318.06735751295
192313.40051679587
192311.49484536084
192322.14910025708
192318.66666666666
192298.24296675192
192285.79336734695
192286.22900763358
192322.3426395939
192341.35189873417
192330.42424242425
192325.60705289672
192334.5150753769
192332.57142857142
192336.75
192308.86783042393
192293.57711442787
192297.14392059552
192300.48762376237
192301.7111111111
192287.00246305417
192276.76167076168
192267.53921568627
192248.22982885086
192233.32926829267
192215.0705596107
192187.71359223302
192179.0387409201
192182.89855072464
192169.24337349398
192141.60817307694
192111.4556354916
192090.48803827752
192075.67541766108
192060.62380952382
192038.75771971495
192028.12085308056
192006.01891252954
191993.8537735849
191976.55294117646
191948.73004694836
191925.87353629977
191935.8878504673
191917.51515151514
191902.6906976744
191892.50348027842
191887.22453703705
191878.93995381062
191856.53686635944
191860.44367816093
191845.8646788991
191844.14416475972
191826.00684931508
191816.52619589976
191814.68636363637
191807.9410430839
191816.9592760181
191800.08577878104
191805.56531531533
191802.21797752808
191791.43049327354
191783.49440715884
191774.63169642858
191769.20935412028
191759.9088888889
191741.0199556541
191742.86946902654
191737.72185430463
191723.8281938326
191748.03736263738
191743.92105263157
191726.88840262583
191716.91703056768
191729.0108932462
191722.75869565218
191716.57266811279
191719.44155844155
191740.2332613391
191756.0
191743.51612903227
191730.53004291846
191720.35546038544
191749.86111111112
191773.49040511728
191770.51489361702
191800.23779193207
191800.99152542374
191799.16490486258
191787.21518987342
191769.84210526315
191786.31092436975
191787.84696016772
191787.82845188284
191795.254697286
191795.43541666667
191809.56340956342
191806.8817427386
191814.1469979296
191806.11363636365
191811.41649484535
191811.30658436214
191824.9527720739
191824.66598360657
191813.20040899795
191820.37959183674
191809.35437881874
191803.89024390245
191790.59837728195
191776.5991902834
191801.25252525252
191802.1875
191801.0704225352
191802.6626506024
191818.3366733467
191844.546
total_time = 95922273
