757101.0
737965.5
733033.0
724355.5
721521.2
722096.3333333334
721432.7142857143
721604.0
722088.1111111111
720866.8
718553.0
719535.6666666666
718450.3846153846
718090.0714285715
718221.9333333333
718433.9375
718540.1764705882
718642.9444444445
718168.2631578947
718338.2
718962.0952380953
719720.3181818182
719273.7391304348
718579.8333333334
718280.28
717797.9230769231
717480.4444444445
717067.7142857143
717253.7931034482
717112.9333333333
717289.5806451613
718250.84375
717851.0909090909
717443.1470588235
716794.8571428572
716967.6666666666
716797.2702702703
716791.552631579
716611.6153846154
716815.45
716410.487804878
716171.2619047619
716316.7441860465
716321.9772727273
716542.0222222222
716831.0652173914
717625.0425531915
718555.125
722891.224489796
726161.36
726361.2352941176
725529.9038461539
725049.6037735849
726650.3888888889
730381.5454545454
731293.4642857143
732732.6315789474
733940.3448275862
734980.6271186441
736015.4166666666
736113.2459016393
736458.6935483871
736658.746031746
736890.609375
736595.8769230769
736814.1818181818
736801.8507462686
737341.7941176471
737468.0434782609
737990.7142857143
738501.5070422535
738623.1111111111
738432.6301369863
738489.1621621621
738649.16
738449.7763157894
738522.3766233766
741441.2051282051
741876.2025316455
741831.05
741203.4691358025
740906.6219512195
740795.2409638554
732167.119047619
731650.2705882353
734140.5697674418
736624.8390804598
728601.8977272727
730747.3483146067
731026.4777777778
731512.901098901
732065.054347826
731994.5053763441
732187.4574468085
732359.747368421
732811.1041666666
733083.1649484537
733168.1428571428
732824.8181818182
732727.95
733152.8613861386
733244.9509803922
734541.7281553398
736838.0192307692
738030.819047619
739773.4339622641
740926.9252336449
743132.0462962963
742825.3119266055
742884.8090909091
742863.1801801802
742972.7946428572
743011.6194690266
743206.754385965
743221.4
743426.9655172414
743258.7435897436
743269.5169491526
743337.8235294118
743298.5083333333
743434.5537190082
743269.8852459016
742702.4227642276
742146.8629032258
741581.416
741531.6349206349
741835.4803149606
743188.9296875
743721.3410852713
743832.5538461539
743694.2595419848
743843.1060606061
743559.7969924812
743659.5820895522
743689.9185185186
743697.6691176471
743942.3503649635
743731.6594202898
743812.7050359712
743552.45
744320.8439716313
739201.1830985915
739173.6223776224
739525.0763888889
739581.5310344828
739539.0342465753
739599.1224489796
739967.8445945946
740623.899328859
740509.8533333334
740580.2582781457
740595.6644736842
741549.9019607843
741326.4805194805
742859.7677419354
743116.358974359
743138.0127388535
742983.6835443038
742761.2012578617
743177.65
743499.9316770186
743342.9938271604
743186.3680981596
743057.0365853659
742872.6181818182
742729.4879518072
742569.9281437126
742343.255952381
742115.5029585799
741941.5235294118
741666.6666666666
741428.2325581395
741417.5780346821
742361.3620689656
743008.1542857143
743100.0284090909
743584.4124293785
743482.1797752809
739898.9162011173
739814.8777777777
740681.1602209945
740945.1813186813
741537.1693989071
741957.2934782609
742452.7135135136
743307.4247311827
743065.2513368984
743220.9361702128
743159.1640211641
742943.247368421
743070.5916230367
743095.53125
743156.207253886
743898.1701030928
744078.7897435897
744001.831632653
740316.2182741116
740458.9494949495
740338.9698492462
740927.23
742088.039800995
742282.6930693069
742923.039408867
743046.0882352941
743745.5024390244
744314.7233009709
743997.2898550725
744805.1778846154
745234.1291866029
745759.0428571429
745659.3412322275
746517.716981132
746637.7605633803
746790.3411214954
746712.1255813953
746610.3842592592
746571.1981566821
746378.7752293578
746960.5342465753
746858.7363636363
746670.5475113122
746531.5315315315
746495.2914798206
746535.3526785715
746459.3155555555
746667.278761062
746511.8766519824
746418.7412280702
746364.2183406113
746269.2043478261
746292.5757575758
746441.474137931
746639.948497854
746618.8547008547
746603.0510638298
747197.8474576271
747507.1392405063
747665.5336134454
744748.7949790795
744840.9583333334
744820.3402489626
744800.9504132231
744558.8806584362
744384.5
744568.5387755102
744489.0975609756
744365.0
744238.8185483871
744188.281124498
744023.756
743812.422310757
743583.4484126985
743317.4347826086
743137.6062992126
742948.1333333333
742948.7265625
742828.0894941634
743222.8023255814
743545.8996138996
743692.4961538462
743754.643678161
743815.8129770992
743797.927756654
743927.8712121212
743901.3132075472
744064.0037593985
743901.7940074906
744042.3619402985
744169.4349442379
744313.0518518519
744438.9815498155
744394.4742647059
745002.8681318681
745594.6861313869
745671.5890909091
745714.5289855072
745761.844765343
745721.6870503597
746291.3512544803
747069.5392857143
747047.1316725978
747460.0248226951
747295.2261484099
748094.1267605633
748217.4561403509
748255.2797202797
748127.8919860628
748166.5694444445
747991.4117647059
747945.9931034483
748008.0790378007
748030.205479452
748110.5665529011
748007.2551020408
747862.8576271186
747980.5304054054
748065.7811447812
747874.5939597315
747732.7792642141
747595.3666666667
747656.7840531562
747646.0695364239
747390.191419142
747161.2006578947
747587.7573770492
747469.6699346405
747320.2703583062
747184.435064935
747108.9935275081
746989.8774193549
746948.8681672026
746865.4743589744
746783.7795527156
746672.923566879
746582.2095238095
746503.5537974683
746374.0630914826
746297.5094339623
746190.9090909091
746093.453125
746017.3894080997
745939.3664596273
745842.4210526316
745742.5185185185
745667.1169230769
745590.7944785276
745495.7125382263
745390.1585365854
745293.3556231003
745143.8212121212
745027.078549849
744889.5240963856
744799.6696696697
744712.9191616767
744617.0776119403
744516.4226190476
744455.8011869437
744306.9260355029
744187.8466076696
744084.1088235294
743971.0762463344
743868.0058479533
743787.0
743691.898255814
743560.4811594203
743485.1820809249
743386.7146974064
743437.8620689656
743373.5730659026
743347.6685714286
743296.9230769231
743169.8636363636
743065.538243626
742986.7740112995
742921.723943662
742812.6320224719
742731.2689075631
742657.6480446927
742536.9470752089
742461.0555555555
742368.9224376731
742318.6132596685
742283.3305785124
742158.4203296703
742126.1205479453
742064.2213114754
742045.6103542234
741950.7038043478
742277.1598915989
742174.4675675676
742068.7250673855
742188.7983870967
742284.8632707775
742288.8796791444
742314.808
742457.2340425532
742481.8275862068
742517.746031746
742643.4221635883
742740.3447368421
742730.5223097113
742669.6910994764
742615.7180156658
742635.9270833334
742815.3272727273
742751.9559585492
742766.3901808786
742739.5489690722
742725.2673521851
742805.7
742868.2762148337
742965.8367346938
742975.8575063613
743159.1269035533
743153.6075949367
743139.8333333334
743152.355163728
743275.8743718592
743291.3533834587
743377.3725
743374.0448877806
743225.2935323383
743285.6774193548
743255.4554455446
743149.9901234568
743038.8842364532
743064.1891891892
743061.524509804
742956.3814180929
742860.7829268293
742862.7347931874
742741.541262136
742850.4891041162
742810.1086956522
742808.1759036145
742711.4350961539
742660.7769784173
742574.1770334928
742499.9976133652
742354.55
742259.4465558195
742324.7417061612
742387.2860520094
742310.1509433963
742251.6023529412
742251.6103286385
742318.0117096019
742295.3574766355
742289.8811188812
742322.1186046512
742217.7958236659
742074.0277777778
741932.2032332564
741831.8778801843
741781.6735632184
741841.747706422
741802.6201372998
741757.8789954338
741821.7448747152
741825.4318181818
741843.1496598639
741808.9411764706
741832.9503386004
741835.6554054054
741810.2449438202
741917.5358744395
741891.2147651006
741895.4620535715
741896.1670378619
741891.2044444444
742005.8647450111
741998.1150442478
741956.2251655629
741832.3127753304
741733.7494505495
741685.197368421
741617.9168490153
741553.4279475983
741472.2091503268
741411.6413043478
741344.9305856833
741257.9329004328
741176.0388768899
741220.625
741235.6946236559
741216.4034334763
741302.244111349
741321.2521367521
741333.1727078891
741265.6936170213
741206.7070063695
741145.7309322034
741033.310782241
740894.1181434599
741013.8989473684
740897.7857142857
740928.784067086
741342.389121339
741593.2045929019
741489.4708333333
739971.1891891892
739923.8112033195
740065.1884057971
740321.4194214876
740274.0164948454
738967.3333333334
738992.8151950719
739105.3483606557
739141.535787321
739301.506122449
739632.9938900204
739804.6016260163
740154.4219066937
740367.0769230769
740820.3070707071
740747.1350806452
740724.4084507042
740660.8694779116
740751.6452905812
740840.712
total_time = 370420356
