142066.0
154367.5
155965.33333333334
154897.75
153601.0
153041.83333333334
152611.14285714287
152212.875
151830.11111111112
151399.6
151219.45454545456
151532.0
151669.23076923078
151583.2857142857
151206.8
151005.375
150782.64705882352
150647.66666666666
150487.52631578947
150454.8
150459.61904761905
150369.95454545456
150344.26086956522
150303.54166666666
150278.48
150315.3076923077
150234.88888888888
150239.2142857143
150281.27586206896
150319.16666666666
150231.90322580645
150214.96875
150190.57575757575
150136.76470588235
150053.34285714285
150066.47222222222
150088.8108108108
150055.2894736842
150031.4871794872
150049.875
150163.80487804877
150491.47619047618
150733.27906976745
150881.52272727274
151297.35555555555
151302.45652173914
151345.78723404257
151431.25
151405.2857142857
151410.76
151372.568627451
151377.17307692306
151365.7358490566
151599.0185185185
151565.56363636363
151591.64285714287
151603.36842105264
151624.89655172414
151598.5254237288
151553.51666666666
151518.3606557377
151533.8064516129
151518.55555555556
151497.703125
151438.96923076923
151413.30303030304
151376.25373134328
151310.98529411765
151254.79710144928
151244.0
151236.54929577466
151187.38888888888
151144.20547945207
151109.2837837838
151055.32
151034.23684210525
151004.77922077922
150962.84615384616
150938.46835443037
150899.1
150889.82716049382
150839.18292682926
150797.77108433735
150783.29761904763
150749.29411764705
150745.9534883721
150765.93103448275
150769.13636363635
150743.23595505618
150728.24444444446
150695.18681318683
150692.94565217392
150700.64516129033
150672.47872340426
150667.53684210527
150642.73958333334
150634.43298969071
150611.64285714287
150588.1616161616
150704.41
150697.76237623763
150686.30392156861
150673.78640776698
150634.6923076923
150634.41904761904
150614.85849056602
150581.33644859813
150564.83333333334
150551.60550458715
150513.55454545454
150491.07207207207
150475.66964285713
150504.1592920354
150472.90350877194
150451.8347826087
150436.2068965517
150408.64102564103
150391.27966101695
150379.74789915967
150358.85833333334
150343.93388429753
150333.7213114754
150324.52845528454
150306.8064516129
150282.552
150278.67460317462
150282.4960629921
150254.4609375
150251.37984496125
150254.21538461538
150263.4961832061
150257.1590909091
150260.6992481203
150240.6194029851
150225.73333333334
150203.78676470587
150192.86861313868
150172.79710144928
150174.12230215827
150164.32857142857
150145.0
150153.02112676058
150140.8881118881
150123.06944444444
150125.3103448276
150109.42465753425
150105.59863945577
150095.5472972973
150076.64429530202
150072.14
150043.95364238412
150019.43421052632
150012.77777777778
150003.33766233767
150003.97419354838
149996.19871794872
149977.16560509554
149963.72151898735
149999.61635220126
149983.73125
149991.5403726708
149970.06172839506
149966.77914110429
149941.1036585366
149934.4
149923.02409638555
149913.33532934132
149910.64285714287
149901.0828402367
149882.9294117647
149883.42105263157
149882.4534883721
149881.31791907514
149862.2356321839
149863.50285714286
149853.4034090909
149841.4011299435
149838.0
149827.7094972067
149815.67222222223
149798.79558011048
149795.12637362638
149778.21857923496
149759.46195652173
149778.56756756757
149815.6935483871
149804.743315508
149803.18085106384
149790.38624338625
149772.95263157896
149759.58115183245
149749.921875
149735.31606217616
149736.8556701031
149716.37948717948
149709.67857142858
149701.20304568528
149695.19696969696
149678.1608040201
149673.595
149667.34825870648
149658.11386138614
149650.13300492612
149652.51470588235
149631.9804878049
149618.3640776699
149614.93236714977
149604.34134615384
149586.04306220094
149570.51428571428
149557.85308056872
149559.04245283018
149536.28169014084
149525.2289719626
149520.58604651163
149511.82407407407
149507.15207373272
149497.2752293578
149483.71689497717
149477.8818181818
149481.221719457
149461.23423423423
149459.40358744396
149469.20535714287
149450.5911111111
149436.99115044248
149422.47136563878
149443.54824561405
149439.6462882096
149441.8304347826
149429.5497835498
149419.1422413793
149405.88841201717
149404.50427350428
149395.22978723404
149383.27966101695
149372.68776371307
149372.1344537815
149357.74476987447
149339.6375
149342.5601659751
149339.23966942148
149325.7901234568
149315.25409836066
149316.0612244898
149315.67073170733
149304.6194331984
149289.26612903227
149283.8393574297
149276.928
149265.40239043825
149263.17460317462
149256.48221343872
149255.57480314962
149261.431372549
149250.46484375
149245.6186770428
149249.47286821707
149250.92277992278
149240.26153846155
149236.36398467433
149231.98091603053
149223.1102661597
149217.5946969697
149208.55094339623
149199.55639097744
149188.39325842698
149177.57835820896
149190.5687732342
149177.25925925927
149171.28782287822
149163.4705882353
149158.9706959707
149151.6094890511
149148.66545454547
149156.99637681158
149146.90613718412
149139.87410071943
149134.12544802867
149129.26785714287
149130.1103202847
149125.3865248227
149116.27915194345
149117.22887323942
149115.4350877193
149106.43356643355
149097.47038327527
149095.29513888888
149095.34256055363
149094.35172413793
149093.9209621993
149096.74315068492
149090.1843003413
149084.8537414966
149075.7627118644
149075.07094594595
149069.76430976432
149064.8255033557
149072.20066889632
149071.3
149060.5149501661
149058.86092715233
149055.79207920792
149053.13486842104
149051.60983606556
149039.09477124183
149064.1270358306
149063.11363636365
149062.84466019418
149056.80322580645
149046.961414791
149047.62179487178
149048.82747603834
149039.09554140127
149037.90158730157
149034.1265822785
149023.54574132492
149024.8364779874
149016.44827586206
149021.0375
149025.41433021807
149021.10869565216
149015.26006191951
149018.87037037036
149026.3969230769
149020.77300613496
149015.18348623853
149010.46341463414
149019.23708206686
149018.5909090909
149031.35649546827
149044.67771084336
149049.75675675675
149085.70359281436
149104.09850746268
149120.84523809524
149128.25222551927
149150.21597633135
149150.82300884955
149157.8
149154.3137829912
149178.30701754385
149181.04956268222
149186.68313953487
149183.16811594204
149183.29479768785
149182.17291066283
149182.3936781609
149172.56160458454
149173.4057142857
149180.9886039886
149175.93181818182
149176.4192634561
149165.4548022599
149165.37746478873
149168.6235955056
149163.9299719888
149168.22067039105
149172.61281337048
149179.3111111111
149171.03047091412
149164.5635359116
149167.5482093664
149167.61813186813
149159.1397260274
149159.7868852459
149154.863760218
149152.84510869565
149146.0487804878
149143.24054054054
149136.74123989217
149134.1424731183
149131.17694369974
149127.0614973262
149122.54933333333
149119.22872340426
149109.19363395227
149107.25396825396
149106.2189973615
149107.0605263158
149105.18372703413
149098.89528795812
149102.6631853786
149101.03645833334
149099.56623376624
149096.64248704663
149088.9741602067
149093.3350515464
149086.8354755784
149083.23333333334
149088.61125319693
149087.8112244898
149090.01272264632
149083.9390862944
149076.4582278481
149070.88888888888
149068.7783375315
149062.54773869348
149056.60651629072
149055.5275
149050.40399002493
149057.90298507462
149049.62034739455
149051.3985148515
149055.22962962964
149049.74137931035
149066.10565110564
149063.60049019608
149056.01222493887
149052.4731707317
149054.43309002434
149049.17475728155
149044.03631961258
149045.19565217392
149037.80722891566
149030.85096153847
149030.64748201438
149033.36602870814
149024.82100238663
149028.66904761904
149021.5320665083
149023.3578199052
149022.1607565012
149020.81367924527
149012.4705882353
149011.36150234743
149010.1194379391
149001.988317757
148994.86013986013
148985.96511627908
148982.70301624128
148985.13657407407
148980.48498845266
148973.81797235023
148977.78390804597
148972.47935779818
148968.91075514874
148973.60730593608
148967.6173120729
148959.6090909091
148960.2380952381
148956.2511312217
148957.23476297967
148956.93693693692
148953.66966292134
148950.1457399103
148947.71364653244
148950.09598214287
148955.88864142538
148950.13555555555
148947.74057649667
148951.953539823
148946.7306843267
148941.83259911893
148942.15164835166
148941.59210526315
148941.89059080963
148942.32751091704
148946.14814814815
148940.04130434783
148935.0780911063
148927.49783549784
148923.93304535636
148919.24568965516
148916.37204301075
148916.9957081545
148915.22912205567
148913.20726495725
148906.13859275053
148902.52127659574
148901.7473460722
148898.87288135593
148894.18604651163
148892.78902953587
148891.58105263158
148890.55462184874
148890.74004192872
148888.63179916318
148884.86847599165
148883.8625
148887.4158004158
148887.8070539419
148882.00621118012
148875.37190082646
148880.03298969072
148879.30452674898
148880.31006160163
148886.3012295082
148880.918200409
148879.38571428572
148871.7718940937
148863.48780487804
148866.8620689655
148868.0829959514
148864.09696969698
148858.17137096773
148852.1146881288
148850.95983935744
148853.51102204408
148850.236
total_time = 74425118
