902722.0
825823.5
788942.3333333334
770648.0
772987.0
771814.3333333334
764946.0
760423.5
762097.1111111111
782726.6
778120.0909090909
773064.0833333334
769946.0769230769
770553.1428571428
772274.6666666666
770524.75
771267.8235294118
771236.6111111111
769385.052631579
768094.4
767813.4285714285
768770.1363636364
767788.0
767580.2083333334
769759.44
771527.6538461539
771686.6666666666
769751.75
767969.5862068966
768369.0333333333
769134.8387096775
770597.9375
770472.9696969697
771452.9705882353
770774.9714285714
770916.4444444445
770525.2162162162
770641.8421052631
770548.3846153846
771364.175
771520.2195121951
770956.880952381
770663.6511627907
770262.9318181818
769834.5111111111
769880.5434782609
769440.4255319149
769946.5833333334
769045.1020408163
770002.92
772261.6666666666
772811.8461538461
773852.1698113207
773339.074074074
772311.0909090909
771017.1428571428
772946.1052631579
774470.1379310344
777502.7627118644
780690.5166666667
779754.0491803279
778658.1451612903
779987.6666666666
780082.203125
779968.4153846154
779705.0151515151
779472.5223880596
779456.3382352941
779307.4202898551
778799.8428571429
777861.5070422535
776807.8194444445
775749.6849315069
775169.5810810811
775762.08
778367.4868421053
778108.8571428572
777325.282051282
776463.3797468354
776077.25
776190.061728395
776524.756097561
776785.9638554216
776764.6071428572
776383.9647058824
777459.4418604651
776470.448275862
777986.0
778162.213483146
777883.0444444445
777681.4615384615
777004.7173913043
776651.3440860215
776442.7978723404
776198.2631578947
776143.90625
776092.4639175257
776101.5510204082
775977.4545454546
775872.41
775659.5742574257
775601.0196078431
775433.9029126214
775513.4807692308
775778.8095238095
776066.6698113207
776115.3831775701
775883.7037037037
776182.2385321101
776418.7454545455
776222.9189189189
775962.2589285715
776184.3539823008
776231.745614035
776479.947826087
776608.3189655172
776441.3675213675
776726.6440677966
776811.2773109244
776681.4583333334
776832.3801652893
776922.2459016393
776851.3414634146
776721.6693548387
776323.472
776330.7777777778
775999.1338582677
775533.28125
775608.4418604651
775364.8769230769
775421.1145038168
775650.1212121212
775890.5413533835
776073.6343283582
775974.4518518519
776061.7426470588
775853.2481751825
775724.7028985508
775627.2589928057
775391.7857142857
775635.4609929078
775765.6408450705
775726.5174825175
775792.625
775775.0758620689
775693.404109589
775923.6666666666
775820.5135135135
775943.0
775716.1466666666
775596.0794701987
775381.0394736842
775023.5555555555
774693.9805194805
775653.5677419355
775391.1474358974
774980.7324840764
774825.7341772151
774748.2578616352
775595.44375
776441.0559006211
776267.5
777277.9570552147
778071.762195122
778117.1333333333
778479.3253012048
778184.3113772455
777923.130952381
778048.5147928994
777964.7352941176
778040.9122807018
778165.0465116279
777788.1445086705
777773.1494252874
777761.36
777763.1590909091
777594.9548022599
777595.6629213484
777526.782122905
777615.0333333333
777732.2541436465
777541.3406593406
777525.5409836066
777654.195652174
777612.5081081081
777731.4623655914
777781.9037433155
777882.3457446808
778021.1957671958
778164.3052631579
778177.0523560209
778301.203125
778369.1502590673
778441.8453608247
778505.0051282052
778544.4132653062
778597.0101522843
778674.2121212122
778641.7236180905
778703.145
778564.3482587065
778250.5891089109
778010.3743842364
777730.8382352941
777410.7365853658
777105.8058252428
776847.61352657
776505.3173076923
776159.7751196172
775862.3333333334
775587.8625592417
775348.9858490566
775573.882629108
775518.8878504672
775252.023255814
774995.324074074
774678.8294930876
774400.0504587156
774132.205479452
774274.6136363636
774994.4886877828
774959.8423423424
774766.1838565023
774573.5178571428
774351.6888888889
774088.9690265487
774081.8281938327
773996.0921052631
773796.8777292577
773579.8304347827
773295.7445887446
773107.9827586206
772867.9527896995
772619.8333333334
772357.2595744681
772119.4279661017
771861.8438818565
771720.180672269
771440.589958159
771121.6375
770855.9377593361
770629.938016529
770351.6419753087
770135.393442623
769929.0775510204
769622.7235772358
769387.2267206478
769107.5282258064
768885.0642570282
768650.36
768410.8326693227
768122.7896825396
767929.7509881423
767781.9330708662
767561.6745098039
767381.3828125
767201.093385214
766989.2441860465
766752.5096525097
766471.9576923077
766253.9885057472
766071.0954198473
765860.0
765674.1553030303
765469.8679245283
765284.8947368421
765115.9662921348
764913.1380597015
764701.9814126394
764529.4777777778
764339.184501845
764159.5036764706
763954.8534798535
763742.602189781
763577.5454545454
763433.1557971014
763191.8844765343
763004.0791366906
762856.4408602151
762686.1428571428
762485.7722419929
762244.8085106383
762049.1166077738
761876.7394366197
761696.5964912281
761477.958041958
761341.0418118467
761212.7881944445
761029.9757785468
760883.8827586207
760735.2371134021
760564.2328767123
760430.9488054607
760291.3435374149
760099.8305084746
759929.652027027
759726.2020202021
759579.0
759405.7257525084
759233.4333333333
759029.4385382059
758834.9470198676
758660.0462046205
758490.1019736842
758374.1770491804
758213.4281045751
758118.022801303
758007.7402597403
757931.3495145631
757797.6580645161
757643.7491961415
757512.6474358974
757373.517571885
757286.8821656051
757111.1904761905
756977.0158227849
756804.6466876972
756671.4213836478
756498.3887147335
756349.71875
756271.5171339564
756171.8260869565
756083.600619195
755966.5401234567
755847.6061538461
755733.7607361963
755619.4097859327
755463.3048780488
755335.4072948329
755229.5909090909
755221.7280966768
755207.5210843374
755096.2852852853
754960.7874251497
754834.3402985075
754734.7023809524
754613.2047477745
754510.0621301775
754377.4572271387
754436.25
754288.5131964809
754122.4385964912
753975.3731778426
753877.226744186
753749.4434782609
753560.6358381503
753416.8933717579
753310.2040229886
753188.2664756447
753043.7914285715
752907.3105413106
752762.9914772727
752646.402266289
752572.4943502825
752481.2816901408
752358.6095505618
752245.6022408963
752141.4720670391
752015.1532033426
751893.0861111111
751803.6232686981
751672.0635359116
751562.8402203857
751419.2637362637
751304.9917808219
751199.475409836
751071.1171662125
751024.9429347826
750921.0650406504
750789.0945945946
750691.7115902965
750604.1586021505
750493.9249329759
750373.3796791444
750303.952
750247.3829787234
750176.700265252
750062.4470899471
749958.1372031663
749843.8184210527
749731.8845144357
749611.222513089
749551.9164490862
749454.6067708334
749349.5402597403
749365.4715025907
749408.873385013
749322.350515464
749275.7994858612
749195.9820512821
749146.7186700767
749101.4540816327
749028.9312977099
748983.540609137
748898.088607595
748827.4823232323
748793.5818639798
748782.567839196
748731.9323308271
748643.765
748577.3615960099
748500.6666666666
748442.4168734491
748410.2821782178
748292.4765432099
748731.4384236453
749138.4643734643
749106.1911764706
749047.0831295843
748993.2073170731
748896.109489051
748960.1359223301
748983.6973365617
748941.6859903382
748881.1975903615
748813.6947115385
748768.551558753
748670.5263157894
748623.646778043
748596.6380952381
748534.7339667458
748456.4431279621
748381.9574468085
748315.3183962264
748259.0870588236
748178.6338028169
748113.18735363
748020.7686915888
747961.648018648
747897.3139534884
747790.8886310905
747718.8125
747612.154734411
747518.0829493088
747432.6206896552
747351.1261467889
747288.8146453089
747214.5136986302
747165.4601366742
747241.7431818182
747156.7165532879
747067.0497737556
747002.2347629797
746937.2162162162
746847.9235955057
746766.5582959641
746675.100671141
746616.0334821428
746555.8930957684
746468.2022222222
746429.3946784922
746360.7809734513
746317.2825607064
746252.3810572687
746192.1736263736
746116.2872807018
746078.4507658643
746037.4563318777
745986.1786492375
745975.3173913043
745916.535791757
745908.8095238095
745864.9200863931
745781.3060344828
745727.5526881721
745689.6459227467
745628.0877944325
745548.9551282051
745486.0554371002
745433.174468085
745338.2823779193
745303.0402542372
745207.7378435518
745154.3776371308
745110.9536842105
745029.6764705882
744983.572327044
744988.1589958159
744924.0835073069
744878.45625
744822.2162162162
744756.786307054
744706.3933747412
744654.8925619834
744587.7422680412
744507.4629629629
744435.0061601643
744393.7540983607
744314.2249488753
744210.2428571428
744140.9857433809
744072.2479674796
744001.7951318459
743937.4817813765
743870.3616161617
743811.4737903225
743744.6841046278
743681.9417670682
743600.4348697395
743548.076
total_time = 371774038
